  7999      0
  2121      0
 -4999      0
 -2121      0
  2000      0
 -2121      0
 -4999      0
  2121      0
  3536      0
 -5656      0
 -6535      0
  1414      0
  3536      0
 -1414      0
  -536      0
  5656      0
 -3000      0
 -7120      0
     0      0
  7120      0
  3000      0
 -2879      0
     0      0
  2879      0
 -3536      0
 -1414      0
  6535      0
  5656      0
 -3536      0
 -5656      0
   536      0
  1414      0
 -2000      0
  2121      0
  4999      0
 -2121      0
 -7999      0
 -2121      0
  4999      0
  2121      0
 -3536      0
  1414      0
   536      0
 -5656      0
 -3536      0
  5656      0
  6535      0
 -1414      0
 -3000      0
  2879      0
     0      0
 -2879      0
  3000      0
  7120      0
     0      0
 -7120      0
  3536      0
  5656      0
  -536      0
 -1414      0
  3536      0
  1414      0
 -6535      0
 -5656      0
