        0         0
        1         1
        1         1
        0         0
        0         0
        0         0
        1        -1
        1        -1
        0         0
        0         0
   160001         0
        0         0
        0         0
        0         0
        6         0
        0         0
        0         0
    95994         0
        1        -1
        4         0
        0         0
        4         0
        1         1
       -4         0
        0         0
        0         0
       -6         0
        0         0
        0         0
        0         0
       -5         0
        0         0
        0         0
        1        -1
        1         1
        0         0
        0         0
        0         0
        1        -1
        1         1
        0         0
        0         0
       -5         0
        0         0
        0         0
        0         0
       -6         0
        0         0
        0         0
       -4         0
        1        -1
        4         0
        0         0
        4         0
        1         1
    95994         0
        0         0
        0         0
        6         0
        0         0
        0         0
        0         0
   160001         0
        0         0
